run,weight_silhouette,weight_calinski_harabasz,weight_davies_bouldin,weight_stability_ari,weight_balance,top1_candidate_id,top1_feature_set,top1_representation,top1_method,top1_score
1,0.46338183403983246,0.16382941033556858,0.20669970545107055,0.028235333349897977,0.13785371682363046,pd_high_iqr_top50|pca_5|AgglomerativeClustering|k2,pd_high_iqr_top50,pca_5,AgglomerativeClustering,0.8907878602442554
2,0.49848822668938375,0.10273068186098351,0.18967334937897648,0.15340379683966932,0.055703945230986956,pd_high_iqr_top50|pca_5|AgglomerativeClustering|k2,pd_high_iqr_top50,pca_5,AgglomerativeClustering,0.9361325205015433
3,0.11440130101981023,0.36193440445474023,0.008375702795563995,0.22281527486527353,0.292473316864612,top20_biomarkers|pca_5|KMeans|k2,top20_biomarkers,pca_5,KMeans,0.8631340439988588
4,0.06482647439276615,0.22586053555605534,0.3436450493761569,0.23836299177201625,0.12730494890300528,top20_biomarkers|pca_5|KMeans|k2,top20_biomarkers,pca_5,KMeans,0.9129987488154172
5,0.41594858257659406,0.04101341024800392,0.08584128161876195,0.12329432631334905,0.33390239924329107,top50_biomarkers|pca_5|KMeans|k2,top50_biomarkers,pca_5,KMeans,0.7952315732623016
6,0.1817853629178704,0.07217628728852701,0.4122800461390375,0.07210859442546538,0.2616497092290997,top20_biomarkers|pca_5|KMeans|k2,top20_biomarkers,pca_5,KMeans,0.8432475886749243
7,0.1729797488746147,0.11514941113207562,0.3202542601424456,0.136838726677398,0.25477785317346613,top20_biomarkers|pca_5|KMeans|k2,top20_biomarkers,pca_5,KMeans,0.851907477781887
8,0.19864126710275812,0.035085784005593125,0.18302000614236993,0.44181348180027546,0.14143946094900342,top20_biomarkers|pca_5|KMeans|k2,top20_biomarkers,pca_5,KMeans,0.8966153007493859
9,0.013250697032417833,0.8303028291654909,0.1075544124194812,0.011876288179363292,0.03701577320324688,pd_high_mad_top50|pca_5|KMeans|k2,pd_high_mad_top50,pca_5,KMeans,0.975256615380621
10,0.4999617340604765,0.24481499604913268,0.015480845275042126,0.1220839103330237,0.11765851428232499,pd_high_iqr_top50|pca_5|AgglomerativeClustering|k2,pd_high_iqr_top50,pca_5,AgglomerativeClustering,0.8865961470390332
11,0.4378153066668049,0.18224970336493834,0.06561175234244493,0.16281274579189273,0.15151049183391901,pd_high_iqr_top50|pca_5|AgglomerativeClustering|k2,pd_high_iqr_top50,pca_5,AgglomerativeClustering,0.8642633940383899
12,0.11527264760887992,0.10225228969158688,0.24337669994359226,0.07995065542397783,0.45914770733196325,top50_biomarkers|pca_5|KMeans|k2,top50_biomarkers,pca_5,KMeans,0.8660857230540028
13,0.15288838620042833,0.35746555039705813,0.2564140183133676,0.2064332594052545,0.026798785683891494,pd_high_mad_top50|pca_5|KMeans|k2,pd_high_mad_top50,pca_5,KMeans,0.9502765952654193
14,0.06027088436081904,0.07701469229240623,0.6203173212248042,0.02159351074457078,0.2208035913773999,top20_biomarkers|pca_5|KMeans|k2,top20_biomarkers,pca_5,KMeans,0.8694414865595361
15,0.2108666483175526,0.5479500831080562,0.23239152035750757,0.003998614042315242,0.004793134174568598,pd_high_mad_top50|pca_5|KMeans|k2,pd_high_mad_top50,pca_5,KMeans,0.9708465506774121
16,0.006288637224447538,0.404303634142535,0.2748707646963631,0.04439461301947779,0.27014235091717664,top20_biomarkers|pca_5|KMeans|k2,top20_biomarkers,pca_5,KMeans,0.875122906819955
17,0.01783090805029472,0.18351712977618412,0.3198994888415777,0.4334771923300212,0.04527528100192222,top20_biomarkers|pca_5|KMeans|k2,top20_biomarkers,pca_5,KMeans,0.95390194494932
18,0.16855469728597444,0.2162642060183915,0.37309542850063154,0.22746073861978994,0.014624929575212612,pd_high_mad_top50|pca_5|KMeans|k2,pd_high_mad_top50,pca_5,KMeans,0.9516901777723157
19,0.07580408232801612,0.06991120286308107,0.5697547715888839,0.19233887582084996,0.09219106739916899,pd_high_mad_top50|pca_5|KMeans|k2,pd_high_mad_top50,pca_5,KMeans,0.9169326130816036
20,0.19016122667723387,0.19920507403591764,0.13603557796377605,0.04512795318808543,0.42947016813498706,top50_biomarkers|pca_5|KMeans|k2,top50_biomarkers,pca_5,KMeans,0.8331321982710405
21,0.04453103907743059,0.2937694124984294,0.24775372423756314,0.04041950093441482,0.3735263232521619,top50_biomarkers|pca_5|KMeans|k2,top50_biomarkers,pca_5,KMeans,0.8533560110899783
22,0.002224813798411248,0.07226078240429405,0.02436662844693497,0.46445825438637195,0.43668952096398783,top50_biomarkers|scaled_only|KMeans|k2,top50_biomarkers,scaled_only,KMeans,0.9177706308086245
23,0.1806532188367399,0.5863927198131703,0.1007075554572548,0.026311970890327815,0.10593453500250717,pd_high_mad_top50|pca_5|KMeans|k2,pd_high_mad_top50,pca_5,KMeans,0.9190297378800986
24,0.12670436187046455,0.33665284357654895,0.23361122119318534,0.1774136823827385,0.12561789097706258,top20_biomarkers|pca_5|KMeans|k2,top20_biomarkers,pca_5,KMeans,0.903689763199671
25,0.33094922764848494,0.046380552163616355,0.32643710039688933,0.17507961572501554,0.12115350406599386,pd_high_iqr_top50|pca_5|AgglomerativeClustering|k2,pd_high_iqr_top50,pca_5,AgglomerativeClustering,0.8943553203711414
26,0.02537178368251713,0.6939266982589657,0.19182983963182745,0.03289210091989402,0.055979577506795844,pd_high_mad_top50|pca_5|KMeans|k2,pd_high_mad_top50,pca_5,KMeans,0.960439612602771
27,0.2841585982297513,0.22393485327358903,0.113858486740854,0.1509216453149927,0.2271264164408128,top20_biomarkers|pca_5|KMeans|k2,top20_biomarkers,pca_5,KMeans,0.8472227129649065
28,0.06820827247098261,0.02442690267711612,0.3267754243245557,0.537533571935222,0.04305582859212362,top20_biomarkers|pca_5|KMeans|k2,top20_biomarkers,pca_5,KMeans,0.9489631039938297
29,0.1583234566440766,0.3573773835595223,0.16537908889631847,0.3136947387759088,0.005225332124173716,pd_high_mad_top50|pca_5|KMeans|k2,pd_high_mad_top50,pca_5,KMeans,0.9560502780107173
30,0.09430681618733956,0.08809735921414405,0.4687691860338772,0.2920477868499884,0.056778851714650705,pd_high_mad_top50|pca_5|KMeans|k2,pd_high_mad_top50,pca_5,KMeans,0.9297274571565725
31,0.15204047471950718,0.17154963651118907,0.20667418181302508,0.3109853495286745,0.15875035742760438,top20_biomarkers|pca_5|KMeans|k2,top20_biomarkers,pca_5,KMeans,0.8944252645276435
32,0.18308224651770535,0.4233821791822786,0.03598065457537068,0.32755889663546084,0.029996023089184688,pd_high_mad_top50|pca_5|KMeans|k2,pd_high_mad_top50,pca_5,KMeans,0.9413547129859535
33,0.12961125928414383,0.0460981188237968,0.3104896172556949,0.0048647576861185005,0.508936246950246,top50_biomarkers|pca_5|KMeans|k2,top50_biomarkers,pca_5,KMeans,0.8680305568568588
34,0.06706640231630297,0.03630176881688233,0.7357655370825903,0.012550478485891478,0.1483158132983328,pd_high_iqr_top50|pca_5|AgglomerativeClustering|k2,pd_high_iqr_top50,pca_5,AgglomerativeClustering,0.8961281617684678
35,0.12246696934860729,0.40265454527668926,0.22605306057287927,0.19778424271503553,0.05104118208678869,pd_high_mad_top50|pca_5|KMeans|k2,pd_high_mad_top50,pca_5,KMeans,0.941182270428979
36,0.37912943029626184,0.052591898297826956,0.45005493923628503,0.047539031414436696,0.07068470075518941,pd_high_iqr_top50|pca_5|AgglomerativeClustering|k2,pd_high_iqr_top50,pca_5,AgglomerativeClustering,0.9426937996119779
37,0.06275528002783433,0.0450151110855089,0.08067131291349633,0.2944916747950664,0.517066621178094,top50_biomarkers|pca_5|KMeans|k2,top50_biomarkers,pca_5,KMeans,0.9012157071157263
38,0.07810438873409187,0.04271807535165331,0.6267425062836279,0.011831505541092198,0.2406035240895346,top50_biomarkers|pca_5|KMeans|k2,top50_biomarkers,pca_5,KMeans,0.8636516978171828
39,0.15968503142000412,0.10817237669817978,0.3209009073273893,0.14617064153147194,0.26507104302295487,top20_biomarkers|pca_5|KMeans|k2,top20_biomarkers,pca_5,KMeans,0.8514291021526045
40,0.1842275974754574,0.07482868291636528,0.11657650018321485,0.4995043669335424,0.12486285249141997,top20_biomarkers|pca_5|KMeans|k2,top20_biomarkers,pca_5,KMeans,0.9082360383346311
41,0.0008492746939250485,0.03644403584579253,0.10653318088877521,0.6517672472213697,0.20440626135013748,top20_biomarkers|pca_5|KMeans|k2,top20_biomarkers,pca_5,KMeans,0.9221256474295199
42,0.12269015238225484,0.022008907712387605,0.3460810050411291,0.27499569965731935,0.2342242352069091,top20_biomarkers|pca_5|KMeans|k2,top20_biomarkers,pca_5,KMeans,0.8711368916757118
43,0.22142162396168716,0.08908279061276547,0.004215641746300727,0.48351386928127904,0.20176607439796768,top20_biomarkers|pca_5|KMeans|k2,top20_biomarkers,pca_5,KMeans,0.8808879657930749
44,0.000743878959224674,0.04016279332090646,0.7996433496901905,0.1303328396113827,0.02911713841829573,pd_high_iqr_top50|pca_5|AgglomerativeClustering|k2,pd_high_iqr_top50,pca_5,AgglomerativeClustering,0.9618229344869412
45,0.040829379972007536,0.10217282312845553,0.08245764889414202,0.216399283513722,0.5581408644916729,top50_biomarkers|pca_5|KMeans|k2,top50_biomarkers,pca_5,KMeans,0.8981867606377436
46,0.14271674131078302,0.11142121255713568,0.017991874457736937,0.13247958749341518,0.5953905841809293,top50_biomarkers|pca_5|KMeans|k2,top50_biomarkers,pca_5,KMeans,0.8703407595791732
47,0.4031660544683395,0.0053225460899394405,0.11763441282672323,0.20741157303612473,0.26646541357887304,top20_biomarkers|pca_5|KMeans|k2,top20_biomarkers,pca_5,KMeans,0.815782577942901
48,0.029687021922856972,0.24931595336326512,0.1310674203095385,0.46614840918378425,0.12378119522055522,top20_biomarkers|pca_5|KMeans|k2,top20_biomarkers,pca_5,KMeans,0.9345496090938862
49,0.14806983545981975,0.013618536067068565,0.1703420499952846,0.008376061811665739,0.6595935166661614,top50_biomarkers|pca_5|KMeans|k2,top50_biomarkers,pca_5,KMeans,0.877345273996555
50,0.3903532595893734,0.4382955229936142,0.05195033390847883,0.0015475406861161839,0.11785334282241731,pd_high_mad_top50|pca_5|KMeans|k2,pd_high_mad_top50,pca_5,KMeans,0.8934829960090561
51,0.21229997370552176,0.02799090584972068,0.05395034780040161,0.21238109986632941,0.49337767277802663,top50_biomarkers|pca_5|KMeans|k2,top50_biomarkers,pca_5,KMeans,0.8610596247404791
52,0.12066885317845434,0.5001419369558641,0.18324898658401192,0.13458407781352785,0.06135614546814178,pd_high_mad_top50|pca_5|KMeans|k2,pd_high_mad_top50,pca_5,KMeans,0.9408319491964273
53,0.0416750957494404,0.3591496073056541,0.4538002477316756,0.14208424640944042,0.0032908028037896835,pd_high_mad_top50|pca_5|KMeans|k2,pd_high_mad_top50,pca_5,KMeans,0.9753272284132655
54,0.14833402179927202,0.032255070324660226,0.40231245381997255,0.381493622601327,0.03560483145476817,pd_high_mad_top50|pca_5|KMeans|k2,pd_high_mad_top50,pca_5,KMeans,0.9310218488716077
55,0.11280802503930992,0.04229783487114622,0.18611621846254175,0.29113105994022936,0.36764686168677263,top50_biomarkers|pca_5|KMeans|k2,top50_biomarkers,pca_5,KMeans,0.8795712789593108
56,0.17319969783599085,0.15679649543721244,0.37102390124391954,0.1719221716709216,0.1270577338119556,pd_high_mad_top50|pca_5|KMeans|k2,pd_high_mad_top50,pca_5,KMeans,0.8928692663264807
57,0.13059163440490718,0.17495605370644862,0.15263443051631018,0.47297761194946525,0.06884026942286871,top20_biomarkers|pca_5|KMeans|k2,top20_biomarkers,pca_5,KMeans,0.9329563569984493
58,0.5285686140122935,0.06083210745780552,0.1326222920806573,0.2651016030744318,0.012875383374811986,pd_high_iqr_top50|pca_5|AgglomerativeClustering|k2,pd_high_iqr_top50,pca_5,AgglomerativeClustering,0.9551290523683734
59,0.2249298018040276,0.20226406138485528,0.1005054531343927,0.33981816318655106,0.1324825204901734,top20_biomarkers|pca_5|KMeans|k2,top20_biomarkers,pca_5,KMeans,0.8936432338447265
60,0.5173571436956967,0.4359044743808648,0.02754588940931097,0.01571367850494641,0.0034788140091812176,pd_high_iqr_top50|pca_5|AgglomerativeClustering|k2,pd_high_iqr_top50,pca_5,AgglomerativeClustering,0.9599122092079267
61,0.023565235927374664,0.7404175880285424,0.09148759649438613,0.1261216935045955,0.018407886045101157,pd_high_mad_top50|pca_5|KMeans|k2,pd_high_mad_top50,pca_5,KMeans,0.9769534852556481
62,0.2535272134967574,0.05340659872329405,0.023414685895711676,0.36778400084387897,0.301867501040358,top50_biomarkers|pca_5|KMeans|k2,top50_biomarkers,pca_5,KMeans,0.8446133280923361
63,0.03095168643367031,0.37226353071532886,0.16940142318478826,0.28888222937161206,0.13850113029460046,top20_biomarkers|pca_5|KMeans|k2,top20_biomarkers,pca_5,KMeans,0.9225801338052066
64,0.036540922980393256,0.28002021422654355,0.08485512945070393,0.29371549542814396,0.3048682379142153,top20_biomarkers|pca_5|KMeans|k2,top20_biomarkers,pca_5,KMeans,0.8733652759442091
65,0.04780445792944641,0.70175656537223,0.044967113122378354,0.16180506699270833,0.043666796583237154,pd_high_mad_top50|pca_5|KMeans|k2,pd_high_mad_top50,pca_5,KMeans,0.9589354114911485
66,0.0043162090195359056,0.2922217870122985,0.2921410603106177,0.23729411262134617,0.17402683103620156,top20_biomarkers|pca_5|KMeans|k2,top20_biomarkers,pca_5,KMeans,0.9109998994358987
67,0.16412498905010217,0.2567460273557876,0.15531432251157393,0.3310023308017042,0.09281233028083212,top20_biomarkers|pca_5|KMeans|k2,top20_biomarkers,pca_5,KMeans,0.9146821067238461
68,0.3347050166184928,0.10942173847676934,0.07986742736230003,0.3870267926428499,0.08897902489958784,top20_biomarkers|pca_5|KMeans|k2,top20_biomarkers,pca_5,KMeans,0.8896209142955346
69,0.23378053336984694,0.04127253454494852,0.20617368196088248,0.2893732245937615,0.22940002553056055,top20_biomarkers|pca_5|KMeans|k2,top20_biomarkers,pca_5,KMeans,0.8574945733408517
70,0.014643778979628142,0.5941804961363628,0.16942587429720685,0.10981525861478351,0.1119345919720187,top20_biomarkers|pca_5|KMeans|k2,top20_biomarkers,pca_5,KMeans,0.9274704305079735
71,0.23087402075229368,0.1794175702998826,0.2697990777601362,0.0777052314734523,0.2422040997142353,top20_biomarkers|pca_5|KMeans|k2,top20_biomarkers,pca_5,KMeans,0.8449147057550255
72,0.16151482824404734,0.27154467649747116,0.10535003279471056,0.07597100815356347,0.3856194543102073,top50_biomarkers|pca_5|KMeans|k2,top50_biomarkers,pca_5,KMeans,0.8306409666751022
73,0.2433743172768623,0.08549358165937594,0.32498551299332495,0.25134683432599514,0.09479975374444158,pd_high_iqr_top50|pca_5|AgglomerativeClustering|k2,pd_high_iqr_top50,pca_5,AgglomerativeClustering,0.8998113684396482
74,0.6346248163815004,0.010192551149057595,0.041925093290659514,0.04306090293124995,0.2701966362475327,pd_high_iqr_top50|pca_5|AgglomerativeClustering|k2,pd_high_iqr_top50,pca_5,AgglomerativeClustering,0.8129983070193818
75,0.031039918456583878,0.16456714267345215,0.4222970524652371,0.3654168907412952,0.01667899566343173,top20_biomarkers|pca_5|KMeans|k2,top20_biomarkers,pca_5,KMeans,0.9548871887082154
76,0.07159582418289967,0.28820787834789047,0.5330159828910284,0.04447523066332826,0.06270508391485323,pd_high_mad_top50|pca_5|KMeans|k2,pd_high_mad_top50,pca_5,KMeans,0.9445448964111867
77,0.1752560759754398,0.1516373530023489,0.29970666221203585,0.2422753590892954,0.13112454972088,top20_biomarkers|pca_5|KMeans|k2,top20_biomarkers,pca_5,KMeans,0.8935876202248142
78,0.1702018353275287,0.2576952844775728,0.06519883252800751,0.19522793643495612,0.3116761112319351,top20_biomarkers|pca_5|KMeans|k2,top20_biomarkers,pca_5,KMeans,0.8446505468208874
79,0.23137869069914166,0.06467063549757261,0.4335855567314165,0.14269111353049507,0.12767400354137412,pd_high_iqr_top50|pca_5|AgglomerativeClustering|k2,pd_high_iqr_top50,pca_5,AgglomerativeClustering,0.8922942766670997
80,0.14683712427984663,0.3574496329616273,0.13857108577332686,0.10548517817783815,0.251656978807361,top20_biomarkers|pca_5|KMeans|k2,top20_biomarkers,pca_5,KMeans,0.8619038891939556
81,0.07858316734272745,0.1840700579000769,0.5502788965241224,0.0001623675151303325,0.18690551071794295,top20_biomarkers|pca_5|KMeans|k2,top20_biomarkers,pca_5,KMeans,0.8779181214355213
82,0.4547918375840616,0.09883486840618112,0.1289714936673717,0.04363867391476027,0.27376312642762524,pd_high_iqr_top50|pca_5|AgglomerativeClustering|k2,pd_high_iqr_top50,pca_5,AgglomerativeClustering,0.803238547354582
83,0.07328481214067538,0.21695009370959437,0.5485892074098134,0.01299037515799675,0.14818551158192003,pd_high_mad_top50|pca_5|KMeans|k2,pd_high_mad_top50,pca_5,KMeans,0.8989441186854411
84,0.021536177475897565,0.3454530290779329,0.17940066053172293,0.2535223565476856,0.20008777636676098,top20_biomarkers|pca_5|KMeans|k2,top20_biomarkers,pca_5,KMeans,0.903894164284905
85,0.24025967947486956,0.21632396247638874,0.45454895567710624,0.055697750404554804,0.03316965196708053,pd_high_iqr_top50|pca_5|AgglomerativeClustering|k2,pd_high_iqr_top50,pca_5,AgglomerativeClustering,0.9533892438639443
86,0.017186978257128723,0.09297022183704998,0.504199503236623,0.3640160466273517,0.021627250041846804,top20_biomarkers|pca_5|KMeans|k2,top20_biomarkers,pca_5,KMeans,0.953336045861822
87,0.18306298687379477,0.5914688999586306,0.07255216456996241,0.0814966330407201,0.0714193155568919,pd_high_mad_top50|pca_5|KMeans|k2,pd_high_mad_top50,pca_5,KMeans,0.9346312141162709
88,0.13395952061848865,0.3335658897404417,0.10102933087588245,0.1818810244951486,0.2495642342700386,top20_biomarkers|pca_5|KMeans|k2,top20_biomarkers,pca_5,KMeans,0.8685918966919367
89,0.20413410033348345,0.023420161631834174,0.6359635494418945,0.041652225070544446,0.09482996352224335,pd_high_iqr_top50|pca_5|AgglomerativeClustering|k2,pd_high_iqr_top50,pca_5,AgglomerativeClustering,0.9296076967677297
90,0.22759730463099376,0.3016690898001031,0.08174117584637594,0.023354536446062234,0.365637893276465,top20_biomarkers|pca_5|KMeans|k2,top20_biomarkers,pca_5,KMeans,0.8114980232627799
91,0.2560676036684932,0.01752846077299893,0.27848849861215097,0.4231112544877618,0.024804182458595076,pd_high_iqr_top50|pca_5|AgglomerativeClustering|k2,pd_high_iqr_top50,pca_5,AgglomerativeClustering,0.9320863433752902
92,0.2215660032527799,0.17487328426771553,0.4352424836844659,0.06678172576405379,0.10153650303098488,pd_high_iqr_top50|pca_5|AgglomerativeClustering|k2,pd_high_iqr_top50,pca_5,AgglomerativeClustering,0.9096773840311039
93,0.0194319033728065,0.5997286004236699,0.0716331528492164,0.2011111385712213,0.10809520478308583,top20_biomarkers|pca_5|KMeans|k2,top20_biomarkers,pca_5,KMeans,0.9338630469099138
94,0.20175694671361766,0.07038126293997435,0.45849990066581453,0.09324918470379535,0.17611270497679807,pd_high_mad_top50|pca_5|KMeans|k2,pd_high_mad_top50,pca_5,KMeans,0.8664973741347272
95,0.6575668265099984,0.19616506952132304,0.08600372522861217,0.022830282259673217,0.03743409648039326,pd_high_iqr_top50|pca_5|AgglomerativeClustering|k2,pd_high_iqr_top50,pca_5,AgglomerativeClustering,0.9560636698663798
96,0.4549778806962644,0.004102373446483276,0.24794594672501705,0.22221128970308981,0.07076250942914557,pd_high_iqr_top50|pca_5|AgglomerativeClustering|k2,pd_high_iqr_top50,pca_5,AgglomerativeClustering,0.9260579479370264
97,0.16525894491493034,0.16315435668994732,0.043531853279592116,0.5503980915548508,0.07765675356067946,top20_biomarkers|pca_5|KMeans|k2,top20_biomarkers,pca_5,KMeans,0.9300092062710058
98,0.15914505001002993,0.23208599399034702,0.3363828740440564,0.18856306243814072,0.08382301951742581,pd_high_mad_top50|pca_5|KMeans|k2,pd_high_mad_top50,pca_5,KMeans,0.917763050186411
99,0.3071382428887318,0.2710347196666202,0.21782582516680654,0.18055324466629663,0.023447967611544735,pd_high_iqr_top50|pca_5|AgglomerativeClustering|k2,pd_high_iqr_top50,pca_5,AgglomerativeClustering,0.9406894243072176
100,0.00015798648993777003,0.5157434532223235,0.1353111370225284,0.1581415485585409,0.19064587470666935,top20_biomarkers|pca_5|KMeans|k2,top20_biomarkers,pca_5,KMeans,0.9086455238066533
101,0.1707076835533344,0.30999711870975233,0.03263090986638522,0.029944475974175728,0.4567198118963524,top50_biomarkers|pca_5|KMeans|k2,top50_biomarkers,pca_5,KMeans,0.8260675041886952
102,0.6560213460715698,0.07022955503551775,0.14644918098453935,0.007057789068914238,0.12024212883945876,pd_high_iqr_top50|pca_5|AgglomerativeClustering|k2,pd_high_iqr_top50,pca_5,AgglomerativeClustering,0.9127959840211891
103,0.36456569970238073,0.08318094472885137,0.2819992998758595,0.07020530129513612,0.20004875439777245,pd_high_iqr_top50|pca_5|AgglomerativeClustering|k2,pd_high_iqr_top50,pca_5,AgglomerativeClustering,0.8508025059984781
104,0.22828990591589463,0.25798390365666607,0.0407606893779148,0.006993218968688156,0.46597228208083646,top50_biomarkers|pca_5|KMeans|k2,top50_biomarkers,pca_5,KMeans,0.8174871445210788
105,0.16939281064919973,0.6502406670824913,0.10982677097137258,0.06106791289213353,0.009471838404802818,pd_high_mad_top50|pca_5|KMeans|k2,pd_high_mad_top50,pca_5,KMeans,0.9709881276628375
106,0.09347898481669228,0.1512543280442871,0.16472851271212322,0.556416229060749,0.03412194536614841,top20_biomarkers|pca_5|KMeans|k2,top20_biomarkers,pca_5,KMeans,0.9527045059641925
107,0.07839385110744204,0.6120977324387177,0.026828094088390517,0.08113949840823963,0.20154082395720999,top20_biomarkers|pca_5|KMeans|k2,top20_biomarkers,pca_5,KMeans,0.891970030025775
108,0.096223185444886,0.01138377370621085,0.49042300679268164,0.1570006898893699,0.24496934416685157,top50_biomarkers|pca_5|KMeans|k2,top50_biomarkers,pca_5,KMeans,0.8714323482526366
109,0.05690719298979598,0.2491725846406565,0.11659263639747615,0.10589230794594429,0.47143527802612706,top50_biomarkers|pca_5|KMeans|k2,top50_biomarkers,pca_5,KMeans,0.8655974146989952
110,0.0918090471107066,0.3677815443863371,0.10975440350739595,0.2509840228431219,0.17967098215243846,top20_biomarkers|pca_5|KMeans|k2,top20_biomarkers,pca_5,KMeans,0.8996139656291589
111,0.4784851370854108,0.009352081790193313,0.1247234922032424,0.04953517333878534,0.33790411558236827,top50_biomarkers|pca_5|KMeans|k2,top50_biomarkers,pca_5,KMeans,0.7799037760262806
112,0.6705805589527125,0.01656981528762807,0.10426055761764856,0.0006200470196905215,0.20796902112232035,pd_high_iqr_top50|pca_5|AgglomerativeClustering|k2,pd_high_iqr_top50,pca_5,AgglomerativeClustering,0.8591786202745908
113,0.06952763014584157,0.2004310311256164,0.4226478176064302,0.07524554752696644,0.23214797359514536,top20_biomarkers|pca_5|KMeans|k2,top20_biomarkers,pca_5,KMeans,0.8720957581619058
114,0.004355204093708893,0.18725599227284453,0.1355251025179433,0.6421087804908683,0.030754920624635033,top20_biomarkers|pca_5|KMeans|k2,top20_biomarkers,pca_5,KMeans,0.9734503029440844
115,0.41012544317403027,0.07757009688417758,0.24885733668099871,0.18932812251026476,0.07411900075052862,pd_high_iqr_top50|pca_5|AgglomerativeClustering|k2,pd_high_iqr_top50,pca_5,AgglomerativeClustering,0.921630806539097
116,0.23447022765892556,0.5100474631905902,0.02779927531424392,0.10619747808979652,0.12148555574644372,pd_high_mad_top50|pca_5|KMeans|k2,pd_high_mad_top50,pca_5,KMeans,0.9008115080305256
117,0.019613093732910765,0.1475924040818244,0.05261289031696362,0.7314989467272639,0.04868266514103745,top20_biomarkers|pca_5|KMeans|k2,top20_biomarkers,pca_5,KMeans,0.9708007450746039
118,0.20262735193694148,0.009560751567733583,0.36186226649566966,0.2393808864487632,0.18656874355089217,top20_biomarkers|pca_5|KMeans|k2,top20_biomarkers,pca_5,KMeans,0.8697694990811053
119,0.22088450135144577,0.08767600454726297,0.46466581131549956,0.11812021462897242,0.10865346815681935,pd_high_iqr_top50|pca_5|AgglomerativeClustering|k2,pd_high_iqr_top50,pca_5,AgglomerativeClustering,0.9060417927676128
120,0.1815124033041688,0.28888369620316817,0.26330525502439617,0.1953714598409146,0.07092718562735223,pd_high_mad_top50|pca_5|KMeans|k2,pd_high_mad_top50,pca_5,KMeans,0.9235428068763966
121,0.09836441626869843,0.11143614972051435,0.028086518060545657,0.693825886587758,0.06828702936248349,top20_biomarkers|pca_5|KMeans|k2,top20_biomarkers,pca_5,KMeans,0.9501971903167833
122,0.06436121428349481,0.29430347300557597,0.0007700937062293865,0.4776581830805471,0.16290703592415284,top20_biomarkers|pca_5|KMeans|k2,top20_biomarkers,pca_5,KMeans,0.9206969851213429
123,0.1424214184928059,0.06224019708394228,0.1948683827281426,0.07660456740667576,0.5238654342884334,top50_biomarkers|pca_5|KMeans|k2,top50_biomarkers,pca_5,KMeans,0.8681742421187935
124,0.2558827279225329,0.0036411710373593616,0.018476329970701363,0.5917920760989447,0.13020769497046156,top20_biomarkers|pca_5|KMeans|k2,top20_biomarkers,pca_5,KMeans,0.8999347408958772
125,0.046201297988897265,0.03565952474869061,0.5872697434291525,0.040932805359729,0.2899366284735309,top50_biomarkers|pca_5|KMeans|k2,top50_biomarkers,pca_5,KMeans,0.876989075774394
126,0.1856258846439266,0.30208416112720504,0.23927479740568613,0.24564748995828906,0.027367666864892986,pd_high_mad_top50|pca_5|KMeans|k2,pd_high_mad_top50,pca_5,KMeans,0.9442291299549666
127,0.11964781057826947,0.09036517867344121,0.17372771578066695,0.16080629488253492,0.4554530000850875,top50_biomarkers|pca_5|KMeans|k2,top50_biomarkers,pca_5,KMeans,0.870755600195883
128,0.39309226313545576,0.010404058510590458,0.4805061257837706,0.03163419529027668,0.08436335727990639,pd_high_iqr_top50|pca_5|AgglomerativeClustering|k2,pd_high_iqr_top50,pca_5,AgglomerativeClustering,0.9388748756682375
129,0.02252776665579955,0.05387089119412118,0.26401046368300335,0.4174992987576543,0.2420915797094215,top50_biomarkers|pca_5|KMeans|k2,top50_biomarkers,pca_5,KMeans,0.8989078330961267
130,0.14921528778275348,0.10400482068314054,0.5766769426732625,0.041466751551289024,0.12863619730955456,pd_high_iqr_top50|pca_5|AgglomerativeClustering|k2,pd_high_iqr_top50,pca_5,AgglomerativeClustering,0.900334492926038
131,0.3387200105274748,0.19292508749183024,0.09599974283157055,0.18871264961823572,0.18364250953088868,top20_biomarkers|pca_5|KMeans|k2,top20_biomarkers,pca_5,KMeans,0.8526351872253667
132,0.0942498892702909,0.0751133314646455,0.6252379324155286,0.12238569320623516,0.08301315364329975,pd_high_mad_top50|pca_5|KMeans|k2,pd_high_mad_top50,pca_5,KMeans,0.9238378366352606
133,0.006055466181484771,0.5266863268577748,0.139562803227075,0.13707657576858098,0.1906188279650843,top20_biomarkers|pca_5|KMeans|k2,top20_biomarkers,pca_5,KMeans,0.9067509246334062
134,0.19309160340211354,0.11038592163548222,0.14437107034004315,0.3077207685154053,0.24443063610695598,top20_biomarkers|pca_5|KMeans|k2,top20_biomarkers,pca_5,KMeans,0.862636717119076
135,0.1972381386869816,0.06714899467998132,0.11536601747238204,0.4816470775569366,0.13859977160371842,top20_biomarkers|pca_5|KMeans|k2,top20_biomarkers,pca_5,KMeans,0.9011340003281013
136,0.2231316666086103,0.11251718894161568,0.1197326027372805,0.04825571343312841,0.49636282827936506,top50_biomarkers|pca_5|KMeans|k2,top50_biomarkers,pca_5,KMeans,0.8396624283118247
137,0.2371557787615122,0.26993585856352253,0.07806671704192696,0.2228113075086065,0.19203033812443185,top20_biomarkers|pca_5|KMeans|k2,top20_biomarkers,pca_5,KMeans,0.8698916635469429
138,0.03160580938654784,0.029227310060642133,0.1264735177730001,0.10868812647469676,0.7040052363051131,top50_biomarkers|scaled_only|KMeans|k2,top50_biomarkers,scaled_only,KMeans,0.9208254738698908
139,0.0546832507556067,0.15063099276384326,0.6287326742028716,0.07683937768417275,0.0891137045935057,pd_high_mad_top50|pca_5|KMeans|k2,pd_high_mad_top50,pca_5,KMeans,0.9275987644712447
140,0.05128963445252105,0.03098212177264242,0.32081832206990263,0.26108038762463126,0.3358295340803027,top50_biomarkers|pca_5|KMeans|k2,top50_biomarkers,pca_5,KMeans,0.8918335267351999
141,0.21819911164439004,0.49459561255938805,0.07243227749580529,0.08437494408136832,0.1303980542190484,pd_high_mad_top50|pca_5|KMeans|k2,pd_high_mad_top50,pca_5,KMeans,0.898190194210466
142,0.1250599078440698,0.12564639563520244,0.430744003974598,0.12074974969024521,0.19779994285588448,top20_biomarkers|pca_5|KMeans|k2,top20_biomarkers,pca_5,KMeans,0.8740242709456332
143,0.10105698565524786,0.03552719149384551,0.09716013026603289,0.19657361923394787,0.5696820733509258,top50_biomarkers|pca_5|KMeans|k2,top50_biomarkers,pca_5,KMeans,0.8909693465154952
144,0.34710936680164556,0.12427468813625452,0.002980132681286885,0.5071331828284341,0.01850262955237888,pd_high_mad_top50|pca_5|KMeans|k2,pd_high_mad_top50,pca_5,KMeans,0.9191248490358825
145,0.4957893422709827,0.4200759022866908,0.002628527092297996,0.03485509501716498,0.04665113333286349,pd_high_iqr_top50|pca_5|AgglomerativeClustering|k2,pd_high_iqr_top50,pca_5,AgglomerativeClustering,0.9300263479542942
146,0.48379586886854126,0.008258945156318009,0.13339760629582778,0.3403253638042587,0.034222215875054134,pd_high_iqr_top50|pca_5|AgglomerativeClustering|k2,pd_high_iqr_top50,pca_5,AgglomerativeClustering,0.9362905959741872
147,0.3540000830606744,0.2303146704314048,0.04227300133411714,0.3319298649124489,0.04148238026135482,pd_high_mad_top50|pca_5|KMeans|k2,pd_high_mad_top50,pca_5,KMeans,0.9169732376647212
148,0.12383993230086049,0.19407415107931011,0.17442119959051208,0.21257512934236225,0.29508958768695503,top20_biomarkers|pca_5|KMeans|k2,top20_biomarkers,pca_5,KMeans,0.8553125198228995
149,0.10594441263812258,0.16810535632426635,0.429382316102282,0.07485199060131756,0.22171592433401155,top20_biomarkers|pca_5|KMeans|k2,top20_biomarkers,pca_5,KMeans,0.8685780269540682
150,0.10356529233804047,0.27711657195902895,0.10859093116232507,0.34106682789423787,0.1696603766463675,top20_biomarkers|pca_5|KMeans|k2,top20_biomarkers,pca_5,KMeans,0.9037096764850274
151,0.11450568574630422,0.22170294651253122,0.12496955531163846,0.4954014029598435,0.043420409469682605,top20_biomarkers|pca_5|KMeans|k2,top20_biomarkers,pca_5,KMeans,0.9452067058519854
152,0.09705181266263016,0.2764519003437688,0.03520705857568612,0.4865175587421851,0.10477166967572989,top20_biomarkers|pca_5|KMeans|k2,top20_biomarkers,pca_5,KMeans,0.9319310820641499
153,0.12383232130950592,0.0161793596217676,0.40127383731662747,0.3452147417812539,0.11349973997084509,top20_biomarkers|pca_5|KMeans|k2,top20_biomarkers,pca_5,KMeans,0.908639306130588
154,0.06642831601421262,0.08107497521307135,0.03945490599738527,0.40713918220657547,0.4059026205687553,top50_biomarkers|pca_5|KMeans|k2,top50_biomarkers,pca_5,KMeans,0.8953751136806756
155,0.25864452901927537,0.0594057831467221,0.060663717049507335,0.36915334000359684,0.2521326307808982,top20_biomarkers|pca_5|KMeans|k2,top20_biomarkers,pca_5,KMeans,0.8532105604600156
156,0.10833820118270598,0.13632537469796355,0.19020144571868794,0.0874224540427005,0.477712524357942,top50_biomarkers|pca_5|KMeans|k2,top50_biomarkers,pca_5,KMeans,0.8654975869359459
157,0.06028344426931302,0.363892176286808,0.30279639290783517,0.1456011148978916,0.1274268716381522,top20_biomarkers|pca_5|KMeans|k2,top20_biomarkers,pca_5,KMeans,0.9118127560778269
158,0.14725580597731958,0.18698495781994048,0.09547204174086145,0.14187731725036304,0.4284098772115155,top50_biomarkers|pca_5|KMeans|k2,top50_biomarkers,pca_5,KMeans,0.8502601844191978
159,0.0785021687584825,0.43081517240165057,0.19679809885365793,0.114874664435941,0.17900989555026794,top20_biomarkers|pca_5|KMeans|k2,top20_biomarkers,pca_5,KMeans,0.8949020841150692
160,0.4904661454796344,0.44906424842491066,0.03259153006676508,0.004551762031323428,0.023326313997366413,pd_high_iqr_top50|pca_5|AgglomerativeClustering|k2,pd_high_iqr_top50,pca_5,AgglomerativeClustering,0.9468411627697056
161,0.07441723624642829,0.05888413812494394,0.1498475819992699,0.5827134273427166,0.13413761628664145,top20_biomarkers|pca_5|KMeans|k2,top20_biomarkers,pca_5,KMeans,0.9268407880756351
162,0.11616982409346736,0.10437426327929004,0.2024409115214245,0.4862693827452966,0.09074561836052139,top20_biomarkers|pca_5|KMeans|k2,top20_biomarkers,pca_5,KMeans,0.9277846104809537
163,0.06267733409860561,0.2546067691146914,0.031095657624189792,0.08208448850567542,0.5695357506568378,top50_biomarkers|pca_5|KMeans|k2,top50_biomarkers,pca_5,KMeans,0.868641807525967
164,0.028169987678227267,0.29950703847281646,0.04228336357619059,0.5208990908708153,0.10914051940195048,top20_biomarkers|pca_5|KMeans|k2,top20_biomarkers,pca_5,KMeans,0.9438474360266162
165,0.22142947586687853,0.08071369525839982,0.15386725004107848,0.054535154185212854,0.4894544246484303,top50_biomarkers|pca_5|KMeans|k2,top50_biomarkers,pca_5,KMeans,0.8436075193461152
166,0.28133881576298486,0.1255498814326534,0.26354599320853955,0.32571942311285373,0.003845886482968396,pd_high_iqr_top50|pca_5|AgglomerativeClustering|k2,pd_high_iqr_top50,pca_5,AgglomerativeClustering,0.948708745279341
167,0.17680658627475626,0.056918832165662715,0.00929084685670294,0.27227101050869734,0.48471272419418077,top50_biomarkers|pca_5|KMeans|k2,top50_biomarkers,pca_5,KMeans,0.8691173214245921
168,0.014184931104887692,0.4890405797618562,0.07269359902861962,0.37647714651477954,0.04760374358985688,top20_biomarkers|pca_5|KMeans|k2,top20_biomarkers,pca_5,KMeans,0.9593046776588019
169,0.0052760186229478066,0.05169593821153059,0.3778705795760435,0.4794819897805978,0.08567547380888026,top20_biomarkers|pca_5|KMeans|k2,top20_biomarkers,pca_5,KMeans,0.9436144451792401
170,0.14114821938154973,0.24325655276137556,0.0750921614108358,0.08542481380050208,0.45507825264573676,top50_biomarkers|pca_5|KMeans|k2,top50_biomarkers,pca_5,KMeans,0.8438290624441194
171,0.017227873897009187,0.7055446804244859,0.10692843110132545,0.03819700684659382,0.13210200773058564,pd_high_mad_top50|pca_5|KMeans|k2,pd_high_mad_top50,pca_5,KMeans,0.9204505668386448
172,0.15946250840562617,0.21176976192651623,0.3961509133291256,0.035400379603643194,0.19721643673508898,top20_biomarkers|pca_5|KMeans|k2,top20_biomarkers,pca_5,KMeans,0.8661747807202006
173,0.022575713193583972,0.003066848773954601,0.10983454272446432,0.5439251093696047,0.3205977859383924,top50_biomarkers|pca_10|KMeans|k2,top50_biomarkers,pca_10,KMeans,0.9172920645733815
174,0.25542631876043886,0.1929773232978192,0.31834172897259494,0.10947543300494132,0.1237791959642057,pd_high_mad_top50|pca_5|KMeans|k2,pd_high_mad_top50,pca_5,KMeans,0.891523782327105
175,0.024341621545575693,0.2886427487825545,0.1976674743081569,0.2434365074825446,0.24591164788116834,top20_biomarkers|pca_5|KMeans|k2,top20_biomarkers,pca_5,KMeans,0.8884729582429411
176,0.3257128460811439,0.32156044414627266,0.12009265416456633,0.05593062597958586,0.17670342962843144,pd_high_mad_top50|pca_5|KMeans|k2,pd_high_mad_top50,pca_5,KMeans,0.8625292660417055
177,0.029931724057541527,0.15506548703084752,0.47457763207808323,0.3269482016443763,0.013476955189151362,pd_high_mad_top50|pca_5|KMeans|k2,pd_high_mad_top50,pca_5,KMeans,0.9578030216093684
178,0.29167532817993713,0.01704150335521132,0.22504274844689218,0.01139438739111021,0.4548460326268493,top50_biomarkers|pca_5|KMeans|k2,top50_biomarkers,pca_5,KMeans,0.8293067338048282
179,0.27822046852492427,0.17440821881771715,0.37826595253360096,0.028273019938432675,0.1408323401853251,pd_high_iqr_top50|pca_5|AgglomerativeClustering|k2,pd_high_iqr_top50,pca_5,AgglomerativeClustering,0.8879157422998862
180,0.31420860366237113,0.21255339770996176,0.05013220664443922,0.2312182936543978,0.1918874983288302,top20_biomarkers|pca_5|KMeans|k2,top20_biomarkers,pca_5,KMeans,0.8573201026324567
181,0.2526223827886232,0.31657065287524866,0.023738453943118038,0.19709325804800404,0.209975252345006,top20_biomarkers|pca_5|KMeans|k2,top20_biomarkers,pca_5,KMeans,0.8623885335272535
182,0.0953397224163848,0.02439810865830084,0.0008283241536831472,0.13024114286265256,0.7491927019089787,top50_biomarkers|scaled_only|KMeans|k2,top50_biomarkers,scaled_only,KMeans,0.9185805643233773
183,0.10972158556825783,0.2195258682238951,0.3295149059538689,0.2532473928281939,0.08799024742578421,top20_biomarkers|pca_5|KMeans|k2,top20_biomarkers,pca_5,KMeans,0.917960549962659
184,0.2983226577890466,0.05214921179307369,0.11994285518789366,0.5081837860603932,0.021401489169592794,pd_high_iqr_top50|pca_5|AgglomerativeClustering|k2,pd_high_iqr_top50,pca_5,AgglomerativeClustering,0.9214929910195844
185,0.23635750613794362,0.237971684857227,0.30347157163172495,0.1866390311862172,0.03556020618688731,pd_high_mad_top50|pca_5|KMeans|k2,pd_high_mad_top50,pca_5,KMeans,0.9372789651918528
186,0.1082199918535797,0.008916824927904675,0.4809336193267471,0.035166250355743583,0.3667633135360249,top50_biomarkers|pca_5|KMeans|k2,top50_biomarkers,pca_5,KMeans,0.8698500223646756
187,0.6182480859078695,0.15674032634527546,0.014021293753832886,0.014734023996245177,0.19625626999677684,pd_high_iqr_top50|pca_5|AgglomerativeClustering|k2,pd_high_iqr_top50,pca_5,AgglomerativeClustering,0.8538202034197246
188,0.4555121284884677,0.06268484079691829,0.14551602888732224,0.05514000965446005,0.2811469921728317,pd_high_iqr_top50|pca_5|AgglomerativeClustering|k2,pd_high_iqr_top50,pca_5,AgglomerativeClustering,0.7999124847744781
189,0.03882819736972575,0.12471784613277648,0.22911295227727235,0.23378994680426193,0.37355105741596345,top50_biomarkers|pca_5|KMeans|k2,top50_biomarkers,pca_5,KMeans,0.8850325367326917
190,0.3906263257929678,0.007232980504780046,0.3060683032838616,0.2889593971028896,0.007112993315500952,pd_high_iqr_top50|pca_5|AgglomerativeClustering|k2,pd_high_iqr_top50,pca_5,AgglomerativeClustering,0.9605953583737203
191,0.012796379410641427,0.06662965365919535,0.721558684463849,0.1936283946674591,0.005386887798855052,pd_high_mad_top50|pca_5|KMeans|k2,pd_high_mad_top50,pca_5,KMeans,0.9684090595743647
192,0.05644289703484606,0.05888357567105189,0.025695096988488278,0.5130902185294505,0.3458882117761633,top50_biomarkers|pca_5|KMeans|k2,top50_biomarkers,pca_5,KMeans,0.9024184532001024
193,0.3766988715173323,0.03833749054241562,0.47716263136633036,0.011068179068191937,0.0967328275057299,pd_high_iqr_top50|pca_5|AgglomerativeClustering|k2,pd_high_iqr_top50,pca_5,AgglomerativeClustering,0.9307066831375218
194,0.09549844221691321,0.3029233693690178,0.3519190035613943,0.03499357043219758,0.21466561442047716,top20_biomarkers|pca_5|KMeans|k2,top20_biomarkers,pca_5,KMeans,0.8735562649900016
195,0.3522824679385749,0.06013730921141637,0.04735345233910445,0.17094252224259684,0.3692842482683074,top50_biomarkers|pca_5|KMeans|k2,top50_biomarkers,pca_5,KMeans,0.8133458945054884
196,0.06335849310466321,0.2757804209872933,0.14250303524869068,0.15659952549135797,0.3617585251679949,top50_biomarkers|pca_5|KMeans|k2,top50_biomarkers,pca_5,KMeans,0.8567394197557022
197,0.02056376408564911,0.5667632989027362,0.03462281135794965,0.1700180070015969,0.20803211865206822,top20_biomarkers|pca_5|KMeans|k2,top20_biomarkers,pca_5,KMeans,0.9031154694264041
198,0.1205876150108978,0.24206018759277317,0.1415353572927662,0.38222474880909624,0.1135920912944666,top20_biomarkers|pca_5|KMeans|k2,top20_biomarkers,pca_5,KMeans,0.9182595334149761
199,0.07248718689746701,0.018425063256584932,0.14470312028273713,0.4169664615815506,0.34741816798166036,top50_biomarkers|pca_5|KMeans|k2,top50_biomarkers,pca_5,KMeans,0.8978139987500344
200,0.140388433979322,0.3066871480244907,0.3096568506145469,0.15028469312326695,0.0929828742583737,pd_high_mad_top50|pca_5|KMeans|k2,pd_high_mad_top50,pca_5,KMeans,0.917775104686996
201,0.0010814256034372232,0.43232568382912245,0.049345827791355906,0.12177194768482999,0.39547511509125444,top50_biomarkers|pca_5|KMeans|k2,top50_biomarkers,pca_5,KMeans,0.8540297528371236
202,0.2769077394415974,0.04379404906896132,0.34779594117056173,0.3300571902666842,0.0014450800521954548,pd_high_iqr_top50|pca_5|AgglomerativeClustering|k2,pd_high_iqr_top50,pca_5,AgglomerativeClustering,0.9565409270001721
203,0.011156899394850246,0.40791607744190694,0.020303901398240502,0.28754093861057034,0.27308218315443195,top20_biomarkers|pca_5|KMeans|k2,top20_biomarkers,pca_5,KMeans,0.8893480496703484
204,0.19745638241836574,0.1482047740921362,0.2429301344121981,0.23548490343400363,0.17592380564329613,top20_biomarkers|pca_5|KMeans|k2,top20_biomarkers,pca_5,KMeans,0.8773872695067463
205,0.0787784530190649,0.4681934921945182,0.16222375753996726,0.17373341860214586,0.11707087864430371,top20_biomarkers|pca_5|KMeans|k2,top20_biomarkers,pca_5,KMeans,0.9168707758588361
206,0.044370179466527694,0.5235364911417322,0.03753027001597772,0.23829242221060723,0.15627063716515535,top20_biomarkers|pca_5|KMeans|k2,top20_biomarkers,pca_5,KMeans,0.9169701707571687
207,0.301452169594635,0.14783931196375608,0.025466720375320374,0.4870181563649841,0.03822364170130439,top20_biomarkers|pca_5|KMeans|k2,top20_biomarkers,pca_5,KMeans,0.9161543417649969
